# seed 7, 16x12, 60 ticks, computed natively; `node apps/web/check.mjs` recomputes these in WebAssembly
1873825037
1146420731
1255436265
1045140759
1834312011
1368242638
505266426
1493063326
1753813200
530119483
278546612
1818602401
1153938233
579591482
430890004
1306953302
1117069633
1912607488
1566145404
1325965
1669559694
1066232559
385105785
374156024
401993531
546150982
1224938359
555750160
1659242966
1418479609
1379978030
1897715299
960466645
1163760780
535486936
1776451401
191169217
1580534660
740433333
1459779519
366194127
1201635297
181831454
263185819
948744148
1859001954
1421834324
1127621776
810214965
248920556
36270570
1566623588
617752577
584378332
2013996630
593184294
170032344
506011188
214713939
1287734114
